0 0.0693896 0.851242 0.12824 0.160509 0.643209
0 0.273673 0.946784 0.0307694 0.106085 0.547359
0 0.330085 0.810385 0.0335783 0.163997 0.488932
0 0.488238 0.922301 0.0292571 0.150265 0.480049
0 0.149059 0.956567 0.0653102 0.0799927 0.432652
0 0.449652 0.818617 0.0262573 0.10473 0.4022
0 0.407064 0.923834 0.0446081 0.129654 0.362118
0 0.472043 0.881447 0.0632366 0.227235 0.339686
0 0.19147 0.808135 0.119251 0.195564 0.323001
0 0.421262 0.664937 0.0786027 0.197051 0.306411
0 0.431555 0.689335 0.0647818 0.146245 0.278223
0 0.37535 0.705142 0.0183026 0.0755525 0.258748
0 0.0683133 0.850826 0.107564 0.12756 0.254575
