0 0.287865 0.925213 0.0638549 0.12721 0.812712
0 0.183215 0.883731 0.118168 0.221451 0.627555
0 0.339352 0.753283 0.0372844 0.120238 0.524071
0 0.284161 0.844195 0.0587031 0.0786754 0.455569
0 0.410962 0.860431 0.0331286 0.25101 0.438744
0 0.476294 0.86248 0.0382463 0.258997 0.39171
0 0.371125 0.615208 0.0397648 0.0518481 0.390576
0 0.433039 0.694075 0.0199315 0.0966134 0.351629
0 0.375117 0.679666 0.0592938 0.0468346 0.306649
0 0.328903 0.613717 0.0282123 0.0495911 0.281337
0 0.375188 0.609122 0.0349983 0.0447988 0.279944
