3 0.464693 0.45682 0.392328 0.278307 0.901868
3 0.743039 0.68189 0.513922 0.634465 0.629657
3 0.249436 0.715501 0.498871 0.567545 0.602498
1 0.139107 0.452069 0.277172 0.0459308 0.591604
0 0.467317 0.285112 0.0189932 0.0690342 0.541925
0 0.450999 0.765275 0.073515 0.112587 0.532973
0 0.514824 0.829442 0.0435642 0.339038 0.506377
0 0.450959 0.632495 0.0701293 0.1481 0.416453
0 0.69679 0.157183 0.0763744 0.0472134 0.350781
0 0.511539 0.778476 0.0346666 0.443049 0.333262
0 0.470574 0.282391 0.0182661 0.0649387 0.331638
1 0.721375 0.387948 0.11532 0.0357996 0.308247
