0 0.357178 0.785282 0.0361709 0.064762 0.646293
0 0.380407 0.872071 0.0268009 0.107242 0.624977
0 0.0984222 0.859753 0.194436 0.229259 0.512529
0 0.256445 0.779402 0.128956 0.236835 0.411171
0 0.423001 0.747068 0.0339947 0.113317 0.323391
0 0.410129 0.965879 0.0198326 0.0656564 0.315436
0 0.156302 0.963886 0.0337049 0.0605084 0.308251
0 0.381982 0.602801 0.0249299 0.0672943 0.305908
1 0.0897485 0.948547 0.161007 0.0540153 0.30557
0 0.514713 0.913832 0.0633803 0.157829 0.279535
1 0.258466 0.928225 0.516931 0.0456999 0.263684
